4
3
2 5 9
504
4
1 2 3 5
1008
8
4436029718484152282 7960688025537172878 8158153106283749652 816298623023398913 7910562653274884366 4146540260192962824 7707065686924684372 95813014895467638
2044
19
8522357958038330373 2212193802576548715 182733964020046049 5938151776961444566 2702478012963329436 4495601037073630765 713431950751932924 8971767746286798272 2845016184399378689 7060716320187277676 7393123719362815506 103488518718542576 4609307071421890032 7380165043248963518 1514470810187520170 7866443618601539512 4517749074603872116 3448649611504356278 5639082938289156423
1193151